100.0,1000.0,1000.0,1000.0,1000.0,1000.0,5.0,0.2,0.2,0.2,0.2,0.2,1.0,1.0,1.0,0.0
99.41,997.86,997.04,997.71,996.66,997.69,5.0,0.2,0.2,0.2,0.2,0.2,1.0,1.0,1.0,0.0
98.99,996.82,995.94,994.64,993.47,995.47,5.0,0.2,0.2,0.2,0.2,0.2,1.0,1.0,1.0,0.0
98.07,993.39,991.91,992.09,989.59,993.26,5.0,0.2,0.2,0.2,0.2,0.2,1.0,1.0,1.0,0.0
97.61,991.62,989.44,987.81,986.26,990.87,5.0,0.2,0.2,0.2,0.2,0.2,1.0,1.0,1.0,0.0
96.88,988.78,986.0,985.3,982.81,988.94,5.0,0.2,0.2,0.2,0.2,0.2,1.0,1.0,1.0,0.0
96.49,987.42,983.84,983.32,979.9,987.0,5.0,0.2,0.2,0.2,0.2,0.2,1.0,1.0,1.0,0.0
96.27,985.81,982.82,982.74,979.22,986.88,5.0,0.2,0.2,0.2,0.2,0.2,1.0,1.0,1.0,0.0
95.82,984.05,980.18,980.83,976.32,984.58,5.0,0.2,0.2,0.2,0.2,0.2,1.0,1.0,1.0,0.0
95.07,980.84,976.7,978.23,972.42,982.56,5.0,0.2,0.2,0.2,0.2,0.2,1.0,1.0,1.0,0.0
94.61,979.06,974.07,976.09,969.41,978.31,5.0,0.2,0.2,0.2,0.2,0.2,1.0,1.0,1.0,0.0
93.41,974.56,968.1,971.37,962.77,974.02,5.0,0.2,0.2,0.2,0.2,0.2,1.0,1.0,1.0,0.0
92.76,972.88,965.57,968.63,959.42,971.99,5.0,0.2,0.2,0.2,0.2,0.2,1.0,1.0,1.0,0.0
92.19,970.36,962.01,966.81,956.2,969.86,5.0,0.2,0.2,0.2,0.2,0.2,1.0,1.0,1.0,0.0
91.63,968.33,959.33,964.64,952.71,967.85,5.0,0.2,0.2,0.2,0.2,0.2,1.0,1.0,1.0,0.0
91.28,967.33,957.76,964.57,952.14,967.7,5.0,0.2,0.2,0.2,0.2,0.2,1.0,1.0,1.0,0.0
90.65,965.34,955.35,961.77,948.59,965.61,5.0,0.2,0.2,0.2,0.2,0.2,1.0,1.0,1.0,0.0
90.16,962.94,952.19,959.68,945.41,963.61,5.0,0.2,0.2,0.2,0.2,0.2,1.0,1.0,1.0,0.0
89.76,960.89,949.78,957.25,942.15,959.53,5.0,0.2,0.2,0.2,0.2,0.2,1.0,1.0,1.0,0.0
89.08,957.89,946.06,954.97,938.24,957.29,5.0,0.2,0.2,0.2,0.2,0.2,1.0,1.0,1.0,0.0
88.61,956.53,944.22,952.66,935.13,955.31,5.0,0.2,0.2,0.2,0.2,0.2,1.0,1.0,1.0,0.0
87.98,953.69,940.6,950.59,931.78,953.13,5.0,0.2,0.2,0.2,0.2,0.2,1.0,1.0,1.0,0.0
87.37,951.06,937.42,945.98,928.55,951.04,5.0,0.2,0.2,0.2,0.2,0.2,1.0,1.0,1.0,0.0
86.81,949.54,935.86,943.3,925.5,946.24,5.0,0.2,0.2,0.2,0.2,0.2,1.0,1.0,1.0,0.0
86.26,947.19,932.95,941.23,922.12,944.25,5.0,0.2,0.2,0.2,0.2,0.2,1.0,1.0,1.0,0.0
85.63,944.76,929.81,939.06,918.73,942.27,5.0,0.2,0.2,0.2,0.2,0.2,1.0,1.0,1.0,0.0
84.98,942.54,926.58,934.22,915.4,939.98,5.0,0.2,0.2,0.2,0.2,0.2,1.0,1.0,1.0,0.0
83.01,935.56,919.01,928.82,906.79,928.5,5.0,0.2,0.2,0.2,0.2,0.2,1.0,1.0,1.0,0.0
82.59,933.63,916.54,926.43,903.84,924.59,5.0,0.2,0.2,0.2,0.2,0.2,1.0,1.0,1.0,0.0
82.0,931.23,913.4,924.01,900.47,922.55,5.0,0.2,0.2,0.2,0.2,0.2,1.0,1.0,1.0,0.0
81.56,929.75,912.12,921.18,897.5,920.5,5.0,0.2,0.2,0.2,0.2,0.2,1.0,1.0,1.0,0.0
80.91,927.22,908.62,919.38,894.02,918.69,5.0,0.2,0.2,0.2,0.2,0.2,1.0,1.0,1.0,0.0
80.36,924.37,905.18,917.36,890.9,914.31,5.0,0.2,0.2,0.2,0.2,0.2,1.0,1.0,1.0,0.0
79.73,922.59,902.99,914.58,887.78,909.52,5.0,0.2,0.2,0.2,0.2,0.2,1.0,1.0,1.0,0.0
79.42,921.43,901.36,912.49,884.71,907.21,5.0,0.2,0.2,0.2,0.2,0.2,1.0,1.0,1.0,0.0
78.61,918.16,897.64,909.85,880.96,905.27,5.0,0.2,0.2,0.2,0.2,0.2,1.0,1.0,1.0,0.0
78.01,916.14,895.16,907.44,877.87,903.07,5.0,0.2,0.2,0.2,0.2,0.2,1.0,1.0,1.0,0.0
77.5,913.93,892.44,905.4,874.67,901.16,5.0,0.2,0.2,0.2,0.2,0.2,1.0,1.0,1.0,0.0
77.07,912.4,890.35,903.17,871.72,899.35,5.0,0.2,0.2,0.2,0.2,0.2,1.0,1.0,1.0,0.0
76.74,910.73,888.45,903.15,870.73,898.97,5.0,0.2,0.2,0.2,0.2,0.2,1.0,1.0,1.0,0.0
76.35,908.92,886.18,899.07,867.76,894.91,5.0,0.2,0.2,0.2,0.2,0.2,1.0,1.0,1.0,0.0
75.79,906.62,883.21,897.03,864.52,892.83,5.0,0.2,0.2,0.2,0.2,0.2,1.0,1.0,1.0,0.0
75.23,904.61,880.45,894.66,861.19,890.91,5.0,0.2,0.2,0.2,0.2,0.2,1.0,1.0,1.0,0.0
74.54,901.61,876.6,889.28,857.59,889.05,5.0,0.2,0.2,0.2,0.2,0.2,1.0,1.0,1.0,0.0
73.99,899.01,873.61,887.24,854.36,886.9,5.0,0.2,0.2,0.2,0.2,0.2,1.0,1.0,1.0,0.0
73.34,896.52,870.23,885.17,850.81,884.69,5.0,0.2,0.2,0.2,0.2,0.2,1.0,1.0,1.0,0.0
72.99,895.3,868.61,882.83,847.9,882.3,5.0,0.2,0.2,0.2,0.2,0.2,1.0,1.0,1.0,0.0
72.46,892.84,865.41,880.62,844.79,880.03,5.0,0.2,0.2,0.2,0.2,0.2,1.0,1.0,1.0,0.0
72.09,891.82,864.26,878.16,841.98,877.97,5.0,0.2,0.2,0.2,0.2,0.2,1.0,1.0,1.0,0.0
71.76,889.8,861.97,877.93,841.04,877.93,5.0,0.2,0.2,0.2,0.2,0.2,1.0,1.0,1.0,0.0
71.44,888.55,860.05,875.95,838.08,875.97,5.0,0.2,0.2,0.2,0.2,0.2,1.0,1.0,1.0,0.0
70.77,886.15,856.82,873.87,834.58,874.15,5.0,0.2,0.2,0.2,0.2,0.2,1.0,1.0,1.0,0.0
70.27,884.2,854.2,871.83,831.13,872.12,5.0,0.2,0.2,0.2,0.2,0.2,1.0,1.0,1.0,0.0
69.5,881.61,850.8,869.78,827.59,870.19,5.0,0.2,0.2,0.2,0.2,0.2,1.0,1.0,1.0,0.0
69.2,880.76,849.55,867.56,824.89,868.06,5.0,0.2,0.2,0.2,0.2,0.2,1.0,1.0,1.0,0.0
68.68,878.27,846.17,865.49,821.41,865.93,5.0,0.2,0.2,0.2,0.2,0.2,1.0,1.0,1.0,0.0
68.21,876.45,843.45,861.43,818.17,863.67,5.0,0.2,0.2,0.2,0.2,0.2,1.0,1.0,1.0,0.0
67.66,874.22,840.69,859.26,815.05,861.58,5.0,0.2,0.2,0.2,0.2,0.2,1.0,1.0,1.0,0.0
67.29,873.47,840.0,856.11,812.08,859.24,5.0,0.2,0.2,0.2,0.2,0.2,1.0,1.0,1.0,0.0
66.75,871.91,837.91,853.67,808.7,854.76,5.0,0.2,0.2,0.2,0.2,0.2,1.0,1.0,1.0,0.0
66.41,870.75,835.81,851.67,805.66,852.72,5.0,0.2,0.2,0.2,0.2,0.2,1.0,1.0,1.0,0.0
66.17,869.54,834.72,851.54,805.14,852.64,5.0,0.2,0.2,0.2,0.2,0.2,1.0,1.0,1.0,0.0
65.72,868.27,833.06,849.26,802.13,850.4,5.0,0.2,0.2,0.2,0.2,0.2,1.0,1.0,1.0,0.0
65.02,865.05,829.16,846.77,798.49,848.31,5.0,0.2,0.2,0.2,0.2,0.2,1.0,1.0,1.0,0.0
64.62,863.81,827.51,844.28,795.47,846.52,5.0,0.2,0.2,0.2,0.2,0.2,1.0,1.0,1.0,0.0
64.01,861.14,824.25,842.46,791.91,844.55,5.0,0.2,0.2,0.2,0.2,0.2,1.0,1.0,1.0,0.0
63.65,859.34,821.8,840.5,788.87,840.53,5.0,0.2,0.2,0.2,0.2,0.2,1.0,1.0,1.0,0.0
63.1,857.23,818.71,838.71,785.95,838.41,5.0,0.2,0.2,0.2,0.2,0.2,1.0,1.0,1.0,0.0
62.71,855.95,817.15,836.08,783.02,836.32,5.0,0.2,0.2,0.2,0.2,0.2,1.0,1.0,1.0,0.0
62.03,852.74,813.03,834.28,779.51,834.34,5.0,0.2,0.2,0.2,0.2,0.2,1.0,1.0,1.0,0.0
61.59,850.8,810.48,832.22,776.58,832.34,5.0,0.2,0.2,0.2,0.2,0.2,1.0,1.0,1.0,0.0
61.12,848.54,807.58,830.23,773.35,830.38,5.0,0.2,0.2,0.2,0.2,0.2,1.0,1.0,1.0,0.0
60.67,847.28,806.05,827.97,770.42,828.49,5.0,0.2,0.2,0.2,0.2,0.2,1.0,1.0,1.0,0.0
60.45,845.8,804.03,827.95,769.57,828.32,5.0,0.2,0.2,0.2,0.2,0.2,1.0,1.0,1.0,0.0
60.11,844.35,802.17,825.89,766.53,826.25,5.0,0.2,0.2,0.2,0.2,0.2,1.0,1.0,1.0,0.0
59.58,841.85,799.38,823.78,763.14,824.45,5.0,0.2,0.2,0.2,0.2,0.2,1.0,1.0,1.0,0.0
59.27,840.95,798.41,821.25,760.34,822.32,5.0,0.2,0.2,0.2,0.2,0.2,1.0,1.0,1.0,0.0
58.77,838.28,795.11,819.2,757.39,820.46,5.0,0.2,0.2,0.2,0.2,0.2,1.0,1.0,1.0,0.0
58.51,836.59,792.58,817.81,754.86,816.94,5.0,0.2,0.2,0.2,0.2,0.2,1.0,1.0,1.0,0.0
58.02,834.26,789.29,815.73,751.12,815.08,5.0,0.2,0.2,0.2,0.2,0.2,1.0,1.0,1.0,0.0
57.67,833.04,787.93,813.65,748.29,813.12,5.0,0.2,0.2,0.2,0.2,0.2,1.0,1.0,1.0,0.0
57.3,830.88,785.14,813.53,747.5,813.05,5.0,0.2,0.2,0.2,0.2,0.2,1.0,1.0,1.0,0.0
56.86,828.78,782.55,811.2,744.4,811.06,5.0,0.2,0.2,0.2,0.2,0.2,1.0,1.0,1.0,0.0
56.36,826.47,779.4,809.03,741.28,809.04,5.0,0.2,0.2,0.2,0.2,0.2,1.0,1.0,1.0,0.0
55.98,825.09,777.49,806.77,738.32,807.08,5.0,0.2,0.2,0.2,0.2,0.2,1.0,1.0,1.0,0.0
55.49,823.29,775.02,804.34,735.27,805.19,5.0,0.2,0.2,0.2,0.2,0.2,1.0,1.0,1.0,0.0
54.95,821.23,772.5,802.28,732.19,803.16,5.0,0.2,0.2,0.2,0.2,0.2,1.0,1.0,1.0,0.0
54.3,818.43,768.78,800.17,728.72,801.16,5.0,0.2,0.2,0.2,0.2,0.2,1.0,1.0,1.0,0.0
53.84,816.84,766.53,798.16,725.39,799.33,5.0,0.2,0.2,0.2,0.2,0.2,1.0,1.0,1.0,0.0
53.56,815.36,764.63,798.12,725.2,799.24,5.0,0.2,0.2,0.2,0.2,0.2,1.0,1.0,1.0,0.0
53.13,813.85,762.58,795.88,722.02,797.24,5.0,0.2,0.2,0.2,0.2,0.2,1.0,1.0,1.0,0.0
52.38,810.97,758.76,793.63,718.23,795.37,5.0,0.2,0.2,0.2,0.2,0.2,1.0,1.0,1.0,0.0
52.01,809.52,756.95,791.23,715.36,793.25,5.0,0.2,0.2,0.2,0.2,0.2,1.0,1.0,1.0,0.0
51.33,806.46,753.21,789.43,711.79,791.31,5.0,0.2,0.2,0.2,0.2,0.2,1.0,1.0,1.0,0.0
50.85,804.3,750.47,787.19,708.58,789.36,5.0,0.2,0.2,0.2,0.2,0.2,1.0,1.0,1.0,0.0
50.31,802.13,747.61,785.25,705.55,784.52,5.0,0.2,0.2,0.2,0.2,0.2,1.0,1.0,1.0,0.0
49.96,800.28,745.33,783.07,702.79,782.41,5.0,0.2,0.2,0.2,0.2,0.2,1.0,1.0,1.0,0.0
49.6,799.65,744.64,782.42,702.23,779.02,5.0,0.2,0.2,0.2,0.2,0.2,1.0,1.0,1.0,0.0
49.27,798.39,742.97,780.35,699.62,777.22,5.0,0.2,0.2,0.2,0.2,0.2,1.0,1.0,1.0,0.0
49.01,796.81,741.24,779.81,698.78,777.09,5.0,0.2,0.2,0.2,0.2,0.2,1.0,1.0,1.0,0.0
48.65,795.09,738.99,777.88,696.1,774.81,5.0,0.2,0.2,0.2,0.2,0.2,1.0,1.0,1.0,0.0
48.19,792.78,735.63,776.11,692.89,772.87,5.0,0.2,0.2,0.2,0.2,0.2,1.0,1.0,1.0,0.0
47.73,790.29,732.69,774.2,689.57,771.07,5.0,0.2,0.2,0.2,0.2,0.2,1.0,1.0,1.0,0.0
47.55,789.9,732.23,771.03,689.49,770.93,5.0,0.2,0.2,0.2,0.2,0.2,1.0,1.0,1.0,0.0
47.19,788.55,730.51,768.81,686.73,768.92,5.0,0.2,0.2,0.2,0.2,0.2,1.0,1.0,1.0,0.0
46.48,785.45,726.36,766.49,683.24,766.99,5.0,0.2,0.2,0.2,0.2,0.2,1.0,1.0,1.0,0.0
46.13,784.09,724.65,764.16,680.53,765.16,5.0,0.2,0.2,0.2,0.2,0.2,1.0,1.0,1.0,0.0
45.52,781.35,721.24,761.81,677.46,763.45,5.0,0.2,0.2,0.2,0.2,0.2,1.0,1.0,1.0,0.0
45.07,777.91,721.22,760.56,675.82,759.35,5.0,0.2,0.2,0.2,0.2,0.2,1.0,1.0,1.0,0.0
44.43,774.68,717.1,758.52,671.87,757.31,5.0,0.2,0.2,0.2,0.2,0.2,1.0,1.0,1.0,0.0
44.17,773.69,715.62,756.26,669.21,755.43,5.0,0.2,0.2,0.2,0.2,0.2,1.0,1.0,1.0,0.0
43.71,771.27,712.6,754.24,666.03,753.47,5.0,0.2,0.2,0.2,0.2,0.2,1.0,1.0,1.0,0.0
43.21,769.21,709.77,752.13,662.69,751.49,5.0,0.2,0.2,0.2,0.2,0.2,1.0,1.0,1.0,0.0
42.7,766.63,706.28,750.41,659.59,749.74,5.0,0.2,0.2,0.2,0.2,0.2,1.0,1.0,1.0,0.0
42.44,765.49,704.63,748.32,657.15,747.57,5.0,0.2,0.2,0.2,0.2,0.2,1.0,1.0,1.0,0.0
42.02,763.59,702.29,746.08,654.16,745.67,5.0,0.2,0.2,0.2,0.2,0.2,1.0,1.0,1.0,0.0
41.69,761.76,699.94,744.35,651.55,743.58,5.0,0.2,0.2,0.2,0.2,0.2,1.0,1.0,1.0,0.0
41.28,759.69,697.34,742.23,648.44,741.57,5.0,0.2,0.2,0.2,0.2,0.2,1.0,1.0,1.0,0.0
40.9,758.44,695.35,740.12,645.68,739.64,5.0,0.2,0.2,0.2,0.2,0.2,1.0,1.0,1.0,0.0
40.42,756.17,692.27,738.41,642.32,737.61,5.0,0.2,0.2,0.2,0.2,0.2,1.0,1.0,1.0,0.0
39.99,754.34,690.14,736.24,639.51,735.6,5.0,0.2,0.2,0.2,0.2,0.2,1.0,1.0,1.0,0.0
39.25,750.39,685.44,734.03,635.22,730.7,5.0,0.2,0.2,0.2,0.2,0.2,1.0,1.0,1.0,0.0
38.8,748.32,682.49,732.0,632.24,728.39,5.0,0.2,0.2,0.2,0.2,0.2,1.0,1.0,1.0,0.0
38.22,745.31,679.02,729.92,628.85,726.77,5.0,0.2,0.2,0.2,0.2,0.2,1.0,1.0,1.0,0.0
37.85,743.74,677.19,727.85,626.04,725.08,5.0,0.2,0.2,0.2,0.2,0.2,1.0,1.0,1.0,0.0
37.75,743.03,676.01,727.5,625.71,724.69,5.0,0.2,0.2,0.2,0.2,0.2,1.0,1.0,1.0,0.0
37.45,742.14,674.99,724.87,623.1,722.71,5.0,0.2,0.2,0.2,0.2,0.2,1.0,1.0,1.0,0.0
37.07,740.46,673.34,722.32,619.85,718.46,5.0,0.2,0.2,0.2,0.2,0.2,1.0,1.0,1.0,0.0
36.74,738.95,671.64,720.05,617.09,716.39,5.0,0.2,0.2,0.2,0.2,0.2,1.0,1.0,1.0,0.0
35.75,734.13,665.91,715.82,610.83,712.45,5.0,0.2,0.2,0.2,0.2,0.2,1.0,1.0,1.0,0.0
35.48,733.22,664.95,712.61,608.38,710.36,5.0,0.2,0.2,0.2,0.2,0.2,1.0,1.0,1.0,0.0
34.93,730.46,661.69,710.57,605.02,708.88,5.0,0.2,0.2,0.2,0.2,0.2,1.0,1.0,1.0,0.0
34.61,728.83,660.27,708.26,602.46,706.96,5.0,0.2,0.2,0.2,0.2,0.2,1.0,1.0,1.0,0.0
34.16,726.49,657.33,706.24,599.28,705.17,5.0,0.2,0.2,0.2,0.2,0.2,1.0,1.0,1.0,0.0
33.82,724.88,655.05,704.13,596.35,703.13,5.0,0.2,0.2,0.2,0.2,0.2,1.0,1.0,1.0,0.0
33.05,722.0,651.85,699.53,590.89,697.45,5.0,0.2,0.2,0.2,0.2,0.2,1.0,1.0,1.0,0.0
32.69,720.29,649.6,697.37,587.95,695.85,5.0,0.2,0.2,0.2,0.2,0.2,1.0,1.0,1.0,0.0
32.53,719.19,648.43,697.31,587.77,695.48,5.0,0.2,0.2,0.2,0.2,0.2,1.0,1.0,1.0,0.0
32.18,717.51,646.66,694.92,584.85,693.57,5.0,0.2,0.2,0.2,0.2,0.2,1.0,1.0,1.0,0.0
31.79,715.57,643.9,693.07,581.98,691.69,5.0,0.2,0.2,0.2,0.2,0.2,1.0,1.0,1.0,0.0
31.45,713.41,641.35,689.35,579.28,689.75,5.0,0.2,0.2,0.2,0.2,0.2,1.0,1.0,1.0,0.0
30.86,710.99,638.44,686.86,575.86,684.23,5.0,0.2,0.2,0.2,0.2,0.2,1.0,1.0,1.0,0.0
30.59,710.22,637.8,684.18,573.26,682.25,5.0,0.2,0.2,0.2,0.2,0.2,1.0,1.0,1.0,0.0
30.03,707.52,634.34,682.07,569.84,680.62,5.0,0.2,0.2,0.2,0.2,0.2,1.0,1.0,1.0,0.0
29.66,705.49,631.87,679.72,566.94,678.79,5.0,0.2,0.2,0.2,0.2,0.2,1.0,1.0,1.0,0.0
28.6,699.55,626.97,676.5,562.22,674.93,5.0,0.2,0.2,0.2,0.2,0.2,1.0,1.0,1.0,0.0
28.36,698.17,625.49,674.38,559.7,673.09,5.0,0.2,0.2,0.2,0.2,0.2,1.0,1.0,1.0,0.0
28.02,696.06,623.07,672.44,557.02,671.1,5.0,0.2,0.2,0.2,0.2,0.2,1.0,1.0,1.0,0.0
27.7,694.52,621.4,670.03,554.38,669.07,5.0,0.2,0.2,0.2,0.2,0.2,1.0,1.0,1.0,0.0
27.16,691.55,617.94,668.06,551.43,667.05,5.0,0.2,0.2,0.2,0.2,0.2,1.0,1.0,1.0,0.0
26.9,690.1,615.81,666.13,548.7,665.16,5.0,0.2,0.2,0.2,0.2,0.2,1.0,1.0,1.0,0.0
26.54,687.73,612.85,664.26,546.01,663.19,5.0,0.2,0.2,0.2,0.2,0.2,1.0,1.0,1.0,0.0
26.3,686.53,611.34,662.1,543.56,661.4,5.0,0.2,0.2,0.2,0.2,0.2,1.0,1.0,1.0,0.0
25.8,683.52,607.78,660.11,540.38,659.44,5.0,0.2,0.2,0.2,0.2,0.2,1.0,1.0,1.0,0.0
25.57,681.6,605.2,658.67,537.87,656.03,5.0,0.2,0.2,0.2,0.2,0.2,1.0,1.0,1.0,0.0
25.07,678.82,601.98,656.69,534.8,654.45,5.0,0.2,0.2,0.2,0.2,0.2,1.0,1.0,1.0,0.0
24.83,677.69,600.5,654.77,532.41,652.47,5.0,0.2,0.2,0.2,0.2,0.2,1.0,1.0,1.0,0.0
24.31,674.3,597.04,652.14,528.79,650.7,5.0,0.2,0.2,0.2,0.2,0.2,1.0,1.0,1.0,0.0
24.11,673.34,595.75,650.41,526.39,648.88,5.0,0.2,0.2,0.2,0.2,0.2,1.0,1.0,1.0,0.0
23.8,671.37,593.55,649.95,525.45,648.7,5.0,0.2,0.2,0.2,0.2,0.2,1.0,1.0,1.0,0.0
23.57,669.99,591.69,648.14,522.83,646.92,5.0,0.2,0.2,0.2,0.2,0.2,1.0,1.0,1.0,0.0
23.38,668.91,590.5,647.86,522.65,646.85,5.0,0.2,0.2,0.2,0.2,0.2,1.0,1.0,1.0,0.0
23.17,668.11,589.85,645.05,520.07,645.02,5.0,0.2,0.2,0.2,0.2,0.2,1.0,1.0,1.0,0.0
22.77,665.37,586.57,642.99,516.97,643.14,5.0,0.2,0.2,0.2,0.2,0.2,1.0,1.0,1.0,0.0
22.52,663.88,585.06,640.63,514.25,641.05,5.0,0.2,0.2,0.2,0.2,0.2,1.0,1.0,1.0,0.0
22.15,661.44,582.04,638.68,511.33,639.15,5.0,0.2,0.2,0.2,0.2,0.2,1.0,1.0,1.0,0.0
21.91,660.2,580.31,636.47,508.81,637.18,5.0,0.2,0.2,0.2,0.2,0.2,1.0,1.0,1.0,0.0
21.55,657.91,577.64,634.48,505.89,635.3,5.0,0.2,0.2,0.2,0.2,0.2,1.0,1.0,1.0,0.0
21.22,656.07,575.47,632.7,503.25,633.34,5.0,0.2,0.2,0.2,0.2,0.2,1.0,1.0,1.0,0.0
20.85,653.88,572.07,630.66,500.5,631.44,5.0,0.2,0.2,0.2,0.2,0.2,1.0,1.0,1.0,0.0
20.61,652.28,570.14,628.95,497.82,629.79,5.0,0.2,0.2,0.2,0.2,0.2,1.0,1.0,1.0,0.0
20.53,651.65,569.52,628.62,497.64,629.59,5.0,0.2,0.2,0.2,0.2,0.2,1.0,1.0,1.0,0.0
20.28,650.08,567.73,626.71,495.03,627.8,5.0,0.2,0.2,0.2,0.2,0.2,1.0,1.0,1.0,0.0
20.11,649.55,567.18,625.95,494.51,624.62,5.0,0.2,0.2,0.2,0.2,0.2,1.0,1.0,1.0,0.0
19.85,648.09,565.51,623.59,491.98,622.62,5.0,0.2,0.2,0.2,0.2,0.2,1.0,1.0,1.0,0.0
19.57,646.13,562.95,621.74,489.43,620.92,5.0,0.2,0.2,0.2,0.2,0.2,1.0,1.0,1.0,0.0
19.37,644.79,561.6,619.77,486.97,618.94,5.0,0.2,0.2,0.2,0.2,0.2,1.0,1.0,1.0,0.0
19.12,642.53,558.91,617.94,484.14,617.35,5.0,0.2,0.2,0.2,0.2,0.2,1.0,1.0,1.0,0.0
18.82,640.72,556.41,616.18,481.31,615.49,5.0,0.2,0.2,0.2,0.2,0.2,1.0,1.0,1.0,0.0
18.54,639.39,555.17,613.64,478.27,611.48,5.0,0.2,0.2,0.2,0.2,0.2,1.0,1.0,1.0,0.0
18.36,637.67,553.05,612.31,475.99,608.13,5.0,0.2,0.2,0.2,0.2,0.2,1.0,1.0,1.0,0.0
18.1,635.92,550.76,610.25,473.37,606.38,5.0,0.2,0.2,0.2,0.2,0.2,1.0,1.0,1.0,0.0
17.81,633.86,548.27,608.61,470.73,604.86,5.0,0.2,0.2,0.2,0.2,0.2,1.0,1.0,1.0,0.0
17.78,633.41,547.46,608.59,470.56,604.72,5.0,0.2,0.2,0.2,0.2,0.2,1.0,1.0,1.0,0.0
17.55,631.66,545.24,606.9,467.94,602.82,5.0,0.2,0.2,0.2,0.2,0.2,1.0,1.0,1.0,0.0
17.42,631.24,545.19,604.69,467.58,599.98,5.0,0.2,0.2,0.2,0.2,0.2,1.0,1.0,1.0,0.0
17.19,629.7,543.29,602.81,465.12,598.27,5.0,0.2,0.2,0.2,0.2,0.2,1.0,1.0,1.0,0.0
16.61,626.97,540.42,598.31,459.8,590.16,5.0,0.2,0.2,0.2,0.2,0.2,1.0,1.0,1.0,0.0
16.42,625.72,538.89,596.42,457.44,588.51,5.0,0.2,0.2,0.2,0.2,0.2,1.0,1.0,1.0,0.0
16.18,623.74,536.23,594.73,455.01,586.59,5.0,0.2,0.2,0.2,0.2,0.2,1.0,1.0,1.0,0.0
15.9,621.65,533.89,590.81,452.37,584.54,5.0,0.2,0.2,0.2,0.2,0.2,1.0,1.0,1.0,0.0
15.67,619.55,531.13,589.25,449.74,582.73,5.0,0.2,0.2,0.2,0.2,0.2,1.0,1.0,1.0,0.0
15.49,618.06,529.27,587.55,447.62,581.13,5.0,0.2,0.2,0.2,0.2,0.2,1.0,1.0,1.0,0.0
15.41,617.37,528.14,587.31,447.06,580.73,5.0,0.2,0.2,0.2,0.2,0.2,1.0,1.0,1.0,0.0
15.15,615.47,526.1,583.46,444.36,578.92,5.0,0.2,0.2,0.2,0.2,0.2,1.0,1.0,1.0,0.0
14.94,613.45,523.67,581.71,441.91,577.1,5.0,0.2,0.2,0.2,0.2,0.2,1.0,1.0,1.0,0.0
14.76,611.85,522.32,579.42,439.4,575.33,5.0,0.2,0.2,0.2,0.2,0.2,1.0,1.0,1.0,0.0
14.5,609.93,519.7,577.51,436.8,573.77,5.0,0.2,0.2,0.2,0.2,0.2,1.0,1.0,1.0,0.0
14.35,608.7,517.94,575.78,434.37,571.94,5.0,0.2,0.2,0.2,0.2,0.2,1.0,1.0,1.0,0.0
14.05,606.25,514.85,573.82,431.61,570.27,5.0,0.2,0.2,0.2,0.2,0.2,1.0,1.0,1.0,0.0
13.85,604.7,513.1,571.63,429.01,568.76,5.0,0.2,0.2,0.2,0.2,0.2,1.0,1.0,1.0,0.0
13.54,602.16,510.03,569.74,426.02,566.73,5.0,0.2,0.2,0.2,0.2,0.2,1.0,1.0,1.0,0.0
13.34,600.68,508.17,567.62,423.64,565.01,5.0,0.2,0.2,0.2,0.2,0.2,1.0,1.0,1.0,0.0
13.13,599.12,506.6,565.24,420.93,560.82,5.0,0.2,0.2,0.2,0.2,0.2,1.0,1.0,1.0,0.0
12.93,597.39,504.8,563.23,418.48,559.14,5.0,0.2,0.2,0.2,0.2,0.2,1.0,1.0,1.0,0.0
12.87,596.37,503.51,563.19,418.13,559.09,5.0,0.2,0.2,0.2,0.2,0.2,1.0,1.0,1.0,0.0
12.74,595.2,501.85,561.3,415.82,557.26,5.0,0.2,0.2,0.2,0.2,0.2,1.0,1.0,1.0,0.0
12.49,592.85,498.56,559.69,413.1,555.55,5.0,0.2,0.2,0.2,0.2,0.2,1.0,1.0,1.0,0.0
12.35,591.92,497.47,557.55,410.82,554.07,5.0,0.2,0.2,0.2,0.2,0.2,1.0,1.0,1.0,0.0
12.08,588.99,494.07,555.57,407.62,552.46,5.0,0.2,0.2,0.2,0.2,0.2,1.0,1.0,1.0,0.0
11.95,587.56,491.91,553.82,405.29,550.47,5.0,0.2,0.2,0.2,0.2,0.2,1.0,1.0,1.0,0.0
11.69,584.63,488.24,551.63,402.17,548.5,5.0,0.2,0.2,0.2,0.2,0.2,1.0,1.0,1.0,0.0
11.58,583.27,486.31,550.16,400.02,546.64,5.0,0.2,0.2,0.2,0.2,0.2,1.0,1.0,1.0,0.0
11.38,580.77,483.0,548.46,397.13,545.01,5.0,0.2,0.2,0.2,0.2,0.2,1.0,1.0,1.0,0.0
11.23,579.07,481.22,546.39,394.57,543.32,5.0,0.2,0.2,0.2,0.2,0.2,1.0,1.0,1.0,0.0
11.1,577.21,478.69,544.67,392.02,541.64,5.0,0.2,0.2,0.2,0.2,0.2,1.0,1.0,1.0,0.0
11.01,575.89,476.86,543.02,389.9,539.97,5.0,0.2,0.2,0.2,0.2,0.2,1.0,1.0,1.0,0.0
10.97,575.72,476.64,542.79,389.68,539.72,5.0,0.2,0.2,0.2,0.2,0.2,1.0,1.0,1.0,0.0
10.87,574.56,475.85,540.46,387.47,537.91,5.0,0.2,0.2,0.2,0.2,0.2,1.0,1.0,1.0,0.0
10.69,571.83,472.74,538.53,384.54,536.52,5.0,0.2,0.2,0.2,0.2,0.2,1.0,1.0,1.0,0.0
10.58,570.16,470.26,536.73,381.97,534.76,5.0,0.2,0.2,0.2,0.2,0.2,1.0,1.0,1.0,0.0
10.47,567.9,467.72,534.91,379.44,533.27,5.0,0.2,0.2,0.2,0.2,0.2,1.0,1.0,1.0,0.0
10.4,566.46,466.08,533.24,377.17,531.33,5.0,0.2,0.2,0.2,0.2,0.2,1.0,1.0,1.0,0.0
10.31,564.62,463.38,531.51,374.53,529.67,5.0,0.2,0.2,0.2,0.2,0.2,1.0,1.0,1.0,0.0
10.2,562.81,461.26,529.4,372.06,528.13,5.0,0.2,0.2,0.2,0.2,0.2,1.0,1.0,1.0,0.0
10.05,558.49,455.81,526.16,366.92,524.27,5.0,0.2,0.2,0.2,0.2,0.2,1.0,1.0,1.0,0.0
10.02,556.73,454.3,523.1,364.68,522.49,5.0,0.2,0.2,0.2,0.2,0.2,1.0,1.0,1.0,0.0
9.79,554.69,451.84,521.46,362.28,520.74,5.0,0.2,0.2,0.2,0.2,0.2,1.0,1.0,1.0,0.0
9.04,552.89,449.83,519.89,359.83,519.0,5.0,0.2,0.2,0.2,0.2,0.2,1.0,1.0,1.0,0.0
